177670
252902542
2090695081
2090806916
2090267097
5863490
5863220
193486360
2090946836
2090508814
2090522062
2090267097
5863848
177671
177672
177673
177674
177675
177676
177677
177678
177679
177680
177681
177682
177683
177684
177685
177686
177687
177688
177689
177690
177691
177692
177693
177694
177695
193510141
193494035
193500566
193500569
2090324905
279131992
255552908
2090436881
763136093
193505685
2090082593
274671948
573919259
272956307
274128331
268492587
270321025
268492607
1704748626
108242325
1704770406
-1927207577
-208719321
266351514
-818262088
-1020338148
1248357506
-280587132
1525415081
-1894047340
1645935068
